counter_fairmutex:
7378 192.036
7387 192.302
7380 192.311
7389 192.312
7397 192.312
7384 192.326
7391 192.326
7392 192.326
7386 192.326
7379 192.326
7382 192.326
7381 192.326
7393 192.326
7390 192.342
7395 192.399
7396 192.399
7388 192.399
7394 192.403
7383 192.403
7385 192.403
list_fairmutex:
7459 193.741
7467 193.740
7456 193.741
7464 193.741
7466 193.741
7470 193.741
7462 193.741
7474 193.733
7468 193.742
7460 193.742
7469 193.742
7457 193.742
7455 193.743
7461 193.743
7472 193.742
7471 193.742
7473 193.742
7458 193.743
7465 193.743
7463 193.743