list pthread:
0.002 0.002 0.003 0.016 0.121 1.130 
list pthread:
0.002 0.002 0.003 0.021 0.120 1.110 
list pthread:
0.002 0.002 0.002 0.014 0.119 1.172 
list pthread:
0.000 0.000 0.002 0.019 0.120 1.144 
list pthread:
0.001 0.002 0.005 0.019 0.119 1.117 
list pthread:
0.002 0.001 0.003 0.019 0.118 1.146 
list pthread:
0.001 0.001 0.002 0.019 0.118 1.133 
list pthread:
0.002 0.002 0.003 0.020 0.119 1.136 
list pthread:
0.004 0.002 0.003 0.019 0.116 1.114 
list pthread:
0.002 0.002 0.004 0.022 0.118 1.133 
