list two_phase:
0.000 0.002 0.006 0.058 0.540 5.370 
list two_phase:
0.000 0.000 0.002 0.066 0.511 5.054 
list two_phase:
0.001 0.000 0.007 0.058 0.482 5.120 
list two_phase:
0.002 0.003 0.007 0.056 0.513 5.140 
list two_phase:
0.002 0.004 0.011 0.099 0.901 9.532 
list two_phase:
0.002 0.003 0.007 0.047 0.506 5.040 
list two_phase:
0.003 0.004 0.012 0.094 0.910 9.372 
list two_phase:
0.002 0.002 0.006 0.054 0.488 5.001 
list two_phase:
0.000 0.002 0.007 0.056 0.485 5.108 
list two_phase:
0.002 0.002 0.007 0.054 0.518 5.208 
list two_phase:
0.001 0.002 0.007 0.057 0.492 4.968 
list two_phase:
0.002 0.002 0.005 0.029 0.505 5.136 
list two_phase:
0.001 0.002 0.005 0.053 0.532 5.468 
