list mutex:
0.001 0.003 0.017 0.129 1.256 12.590 
list mutex:
0.001 0.002 0.008 0.063 0.536 5.515 
list mutex:
0.001 0.002 0.009 0.060 0.564 5.772 
list mutex:
0.001 0.001 0.007 0.066 0.575 5.679 
list mutex:
0.001 0.002 0.015 0.107 1.021 9.804 
list mutex:
0.002 0.002 0.008 0.065 0.621 5.959 
list mutex:
0.004 0.004 0.024 0.115 1.039 10.074 
list mutex:
0.001 0.001 0.015 0.102 1.038 10.970 
list mutex:
0.003 0.002 0.009 0.060 0.555 5.702 
list mutex:
0.001 0.002 0.015 0.113 1.056 10.499 
