item_number 10 100 1000 10000 100000 1000000
spinlock 0.000 0.000 0.002 0.063 1.653 21.490
spinlock 0.031 0.011 0.002 0.099 1.648 20.936
spinlock 0.033 0.006 0.011 0.079 1.640 20.205
spinlock 0.008 0.004 0.033 0.160 1.796 19.318
spinlock 0.001 0.009 0.036 0.116 1.710 20.495
spinlock 0.018 0.002 0.004 0.055 1.582 21.181
spinlock 0.020 0.012 0.002 0.053 1.839 21.459
spinlock 0.007 0.016 0.025 0.075 1.507 18.535
spinlock 0.028 0.006 0.002 0.078 2.109 20.777
spinlock 0.018 0.002 0.021 0.101 1.927 21.074
