list two_phase:
0.068 0.417 0.654 0.843 1.139 2.372 1.445 1.746 1.990 2.166 2.337 2.650 2.870 3.058 3.207 6.912 7.206 3.943 7.754 8.267 
list two_phase:
0.069 0.622 0.829 1.646 2.122 2.552 2.818 3.439 3.771 4.252 4.563 5.134 5.595 5.857 6.329 6.907 3.985 7.673 4.269 4.604 
list two_phase:
0.068 0.442 1.162 1.570 2.070 2.629 2.895 3.455 3.873 4.317 4.703 5.150 5.706 6.134 6.512 7.032 3.842 7.990 4.338 4.401 
list two_phase:
0.067 0.589 0.875 1.630 2.250 2.365 2.994 3.237 3.911 4.293 4.788 5.224 5.715 6.248 6.551 6.978 3.828 8.040 4.145 4.325 
list two_phase:
0.067 0.663 1.142 1.597 2.231 2.472 2.798 3.251 3.708 4.313 4.401 4.857 5.367 5.746 6.088 6.731 3.911 7.344 4.247 4.523 
