hash spinlock_average:
18.845 10.240 17.150 29.848 21.076 21.545 19.263 22.101 25.618 23.500 
hash mutex_average:
5.450 4.507 5.686 5.797 5.923 5.934 6.980 6.016 6.109 5.685 
hash two_phase_average:
3.718 1.930 2.250 2.741 2.896 2.585 3.301 3.023 2.560 2.977 
hash pthread_average:
1.273 1.271 2.819 2.847 2.709 2.826 2.809 3.230 3.133 3.431 
hash spinlock_single:
19.122 19.984 20.197 20.513 22.063 19.395 21.076 19.241 18.852 20.379 
hash mutex_single:
5.310 4.697 5.033 9.473 4.895 9.794 9.129 4.942 4.838 4.814 
hash two_phase_single:
5.304 4.673 4.729 4.878 4.694 4.741 4.617 4.682 4.944 4.772 
hash pthread_single:
1.224 1.129 1.140 1.118 1.168 1.196 1.125 1.157 1.163 1.192 
